0.4607468 1.250687 -1.798744 -0.06628126 0.8265726
1.642485 -1.358368 1.212076 0.4803372 -0.5111071
-0.7311106 -2.22376 -1.507175 -0.3556603 -0.233028
-0.9689089 -0.544505 0.7289842 -0.3160268 1.746267
0.05543574 0.6174882 1.519382 0.7366396 -0.345884
0.6932939 -0.4015629 0.3167295 -0.6210628 -2.642152
0.9447868 -0.651014 -0.9073379 0.9901586 -1.314615
-0.7123546 -0.2649158 0.3323731 -0.705294 -0.9708555
0.3104088 0.268294 0.4625703 -0.09988153 -0.6793407
0.2314965 -0.3184168 -0.5519179 -1.494841 -2.111914
-0.7323659 -0.08933276 0.9827349 0.1618445 0.9744142
-0.06371062 0.4639214 0.101544 -0.3159021 -0.04602926
1.500226 0.6772482 -0.9747123 0.4621716 -1.296348
-0.6614693 0.1747757 -0.04372928 0.414549 0.4027849
0.2247729 0.7469111 3.138871 -1.237791 -2.163062
0.02700945 0.5358401 1.017672 -1.700802 1.711648
-0.5657748 -1.641777 -1.184657 0.4180025 0.04755295
0.1113988 -0.1411078 1.68984 1.498846 0.5821489
-0.9041848 -1.436528 -1.979605 -0.8531464 -0.7514544
-0.6369412 0.1847387 0.3845346 -0.7727746 0.06118132
